0 0 4 3 2
0 1 3 3 1
0 2 5 4 4
0 3 4 3 2
0 4 4 4 4
0 5 1 2 5
0 6 5 4 4
0 7 1 2 4
0 8 1 2 3
0 9 5 3 4
0 10 4 2 3
0 11 4 3 4
0 12 4 3 2
0 13 3 1 2
0 14 2 5 5
0 15 3 2 2
0 16 1 2 5
0 17 3 5 5
1 0 3 2 2
1 1 2 4 3
1 2 5 5 4
1 3 1 5 4
1 4 2 2 2
1 5 2 3 3
1 6 4 2 2
1 7 2 5 4
1 8 2 3 3
1 9 1 4 4
1 10 4 2 2
1 11 4 3 2
1 12 5 4 4
1 13 2 3 3
1 14 1 5 5
1 15 2 5 5
1 16 1 3 5
1 17 3 5 4
2 0 3 4 2
2 1 4 5 3
2 2 5 5 4
2 3 2 5 5
2 4 3 4 3
2 5 3 3 3
2 6 5 3 3
2 7 1 4 4
2 8 1 2 3
2 9 3 2 2
2 10 4 1 2
2 11 5 3 3
2 12 4 4 5
2 13 3 2 2
2 14 4 2 3
2 15 4 2 1
2 16 2 2 4
2 17 3 3 2
3 0 3 3 1
3 1 3 3 2
3 2 5 4 4
3 3 1 5 4
3 4 4 3 2
3 5 4 4 3
3 6 5 3 4
3 7 1 4 4
3 8 1 3 3
3 9 1 4 3
3 10 3 1 2
3 11 3 2 1
3 12 3 2 2
3 13 2 2 2
3 14 1 2 2
3 15 3 1 1
3 16 1 3 4
3 17 2 3 3
4 0 4 2 2
4 1 2 4 3
4 2 5 4 4
4 3 1 4 4
4 4 1 3 2
4 5 3 3 4
4 6 4 3 3
4 7 1 4 4
4 8 1 2 2
4 9 3 3 3
4 10 4 2 3
4 11 4 1 2
4 12 4 4 4
4 13 3 2 2
4 14 3 3 3
4 15 3 4 3
4 16 1 4 4
4 17 2 4 4
5 0 3 3 3
5 1 3 4 3
5 2 4 4 4
5 3 2 5 5
5 4 4 4 3
5 5 1 5 5
5 6 4 3 3
5 7 1 5 4
5 8 1 4 5
5 9 3 4 4
5 10 4 2 3
5 11 4 3 3
5 12 5 5 5
5 13 2 3 3
5 14 3 3 3
5 15 4 4 4
5 16 2 4 4
5 17 4 5 4
6 0 3 3 2
6 1 2 3 2
6 2 4 3 3
6 3 2 4 4
6 4 3 4 3
6 5 1 5 5
6 6 5 5 4
6 7 1 4 5
6 8 1 5 4
6 9 2 3 4
6 10 3 2 2
6 11 4 2 2
6 12 4 3 2
6 13 2 3 2
6 14 2 3 4
6 15 4 3 2
6 16 1 4 5
6 17 2 3 3
7 0 2 2 3
7 1 3 4 3
7 2 4 3 3
7 3 3 4 4
7 4 3 2 2
7 5 5 4 4
7 6 3 1 2
7 7 2 3 3
7 8 1 3 4
7 9 4 3 3
7 10 4 2 3
7 11 3 2 2
7 12 5 5 5
7 13 3 1 2
7 14 3 3 3
7 15 4 3 3
7 16 2 3 3
7 17 3 4 3
8 0 3 2 2
8 1 4 4 3
8 2 5 5 4
8 3 2 4 4
8 4 4 4 4
8 5 1 4 5
8 6 5 4 4
8 7 3 3 3
8 8 1 5 5
8 9 2 4 4
8 10 4 3 3
8 11 4 3 3
8 12 4 4 4
8 13 3 3 3
8 14 3 4 4
8 15 4 4 4
8 16 2 4 4
8 17 3 4 4
9 0 4 1 2
9 1 3 2 3
9 2 5 3 4
9 3 4 5 5
9 4 5 5 5
9 5 4 4 3
9 6 5 4 4
9 7 1 3 4
9 8 1 2 3
9 9 4 2 3
9 10 5 1 1
9 11 4 2 2
9 12 5 4 4
9 13 2 2 3
9 14 3 2 2
9 15 4 5 4
9 16 1 2 3
9 17 4 5 4
10 0 2 3 1
10 1 2 4 4
10 2 5 4 4
10 3 2 5 5
10 4 5 4 5
10 5 1 3 5
10 6 5 2 4
10 7 1 4 4
10 8 1 2 2
10 9 1 5 5
10 10 5 2 3
10 11 4 2 3
10 12 5 4 4
10 13 2 2 2
10 14 3 3 3
10 15 3 2 4
10 16 1 3 5
10 17 3 3 2
11 0 4 2 3
11 1 3 2 2
11 2 5 2 3
11 3 3 4 4
11 4 4 3 3
11 5 4 4 3
11 6 5 4 4
11 7 2 4 4
11 8 1 4 4
11 9 2 4 3
11 10 5 3 3
11 11 4 3 3
11 12 5 4 4
11 13 3 2 2
11 14 2 4 3
11 15 5 3 4
11 16 1 3 4
11 17 3 3 3
12 0 4 3 2
12 1 4 3 3
12 2 5 4 5
12 3 4 4 5
12 4 4 4 4
12 5 2 5 4
12 6 4 3 3
12 7 1 4 5
12 8 2 3 3
12 9 2 4 4
12 10 3 2 2
12 11 4 3 2
12 12 4 4 4
12 13 3 2 2
12 14 3 3 4
12 15 4 3 3
12 16 2 3 4
12 17 4 5 5
13 0 3 2 2
13 1 4 2 2
13 2 5 5 4
13 3 2 3 3
13 4 4 4 4
13 5 5 5 5
13 6 4 4 4
13 7 1 4 4
13 8 1 3 3
13 9 3 3 3
13 10 4 2 4
13 11 3 1 2
13 12 5 3 3
13 13 1 2 2
13 14 3 1 2
13 15 4 2 2
13 16 2 2 2
13 17 3 4 3
14 0 3 2 4
14 1 2 2 3
14 2 5 4 5
14 3 1 4 4
14 4 2 4 4
14 5 3 4 4
14 6 4 3 5
14 7 3 4 5
14 8 1 2 4
14 9 1 4 5
14 10 3 1 3
14 11 4 3 4
14 12 4 3 3
14 13 2 3 4
14 14 1 4 4
14 15 4 5 4
14 16 1 2 3
14 17 2 5 5
15 0 2 2 2
15 1 2 1 1
15 2 5 4 5
15 3 2 5 5
15 4 2 3 3
15 5 1 4 5
15 6 5 4 5
15 7 1 5 5
15 8 1 2 3
15 9 2 2 2
15 10 4 3 3
15 11 4 2 2
15 12 5 4 4
15 13 3 1 1
15 14 2 2 2
15 15 4 4 4
15 16 1 3 4
15 17 1 4 3
16 0 2 1 2
16 1 5 2 3
16 2 4 2 2
16 3 2 5 4
16 4 1 4 3
16 5 2 4 5
16 6 5 3 3
16 7 1 4 5
16 8 2 2 5
16 9 1 3 4
16 10 5 1 3
16 11 5 2 3
16 12 4 3 3
16 13 2 2 2
16 14 3 3 3
16 15 3 4 4
16 16 1 3 4
16 17 2 2 2
17 0 3 2 2
17 1 3 3 3
17 2 4 4 4
17 3 1 4 5
17 4 2 4 4
17 5 1 4 5
17 6 4 3 4
17 7 1 4 5
17 8 2 4 3
17 9 1 2 4
17 10 4 2 2
17 11 4 3 3
17 12 5 5 4
17 13 2 4 4
17 14 2 3 3
17 15 4 4 3
17 16 2 3 4
17 17 2 3 3
18 0 3 2 1
18 1 4 4 3
18 2 4 4 4
18 3 3 4 4
18 4 4 4 4
18 5 3 3 2
18 6 5 5 4
18 7 1 5 5
18 8 3 3 3
18 9 2 3 3
18 10 4 4 4
18 11 5 5 4
18 12 4 4 4
18 13 2 4 3
18 14 4 4 4
18 15 4 4 5
18 16 2 4 4
18 17 2 4 5
19 0 4 3 2
19 1 3 2 2
19 2 2 4 3
19 3 2 3 2
19 4 2 4 4
19 5 1 3 4
19 6 5 3 5
19 7 2 3 4
19 8 3 2 4
19 9 1 2 3
19 10 4 3 4
19 11 4 4 4
19 12 5 4 5
19 13 3 2 2
19 14 2 3 3
19 15 4 4 3
19 16 3 3 5
19 17 2 4 4
20 0 4 2 3
20 1 2 3 5
20 2 5 4 4
20 3 1 5 5
20 4 3 4 5
20 5 5 5 3
20 6 4 2 3
20 7 1 4 5
20 8 1 5 5
20 9 1 5 5
20 10 4 2 3
20 11 3 3 3
20 12 5 5 5
20 13 1 2 2
20 14 2 4 4
20 15 3 3 4
20 16 1 4 4
20 17 3 4 5
21 0 3 2 2
21 1 4 3 3
21 2 4 4 3
21 3 1 4 4
21 4 4 4 4
21 5 4 3 3
21 6 5 3 4
21 7 1 4 5
21 8 1 4 4
21 9 3 2 3
21 10 3 1 1
21 11 4 3 3
21 12 3 1 3
21 13 3 1 3
21 14 3 3 3
21 15 4 3 4
21 16 2 3 3
21 17 3 4 4
22 0 4 1 1
22 1 3 2 2
22 2 5 3 4
22 3 1 4 4
22 4 4 4 4
22 5 5 4 5
22 6 4 2 1
22 7 1 5 5
22 8 2 2 2
22 9 2 5 5
22 10 4 1 1
22 11 4 2 2
22 12 4 3 3
22 13 2 2 2
22 14 2 2 2
22 15 3 3 2
22 16 2 2 4
22 17 2 4 2
